1 0.000000 1.000000
1 -0.866025 -0.500000
1 0.866025 -0.500000
1 0.000000 10.000000
1 -8.660254 -5.000000
1 8.660254 -5.000000
2 0.866025 1.500000
2 0.000000 0.000000
2 1.732051 0.000000
2 0.366025 1.700000
2 -0.500000 0.200000
2 1.232051 0.200000
2 0.866025 2.500000
2 0.000000 1.000000
2 1.732051 1.000000
2 0.000000 2.999000
2 -0.866025 1.499000
2 0.866025 1.499000
2 0.200000 2.000000
2 -0.666025 0.500000
2 1.066025 0.500000
2 0.000000 3.000000
2 -0.866025 1.500000
2 0.866025 1.500000
2 0.200000 3.800000
2 -0.666025 2.300000
2 1.066025 2.300000
